4199 
923410480 
825504562 
808989744 
842533408 
875574581 
540161589 
942684170 
926496825 
169882676 
892482616 
875770677 
169883696 
892679992 
943010871 
889856049 
909193268 
959984945 
876153376 
876099122 
540030769 
909261066 
943077684 
169882930 
943273521 
926298680 
940187702 
942944825 
909194802 
926419488 
808924981 
540489526 
959852810 
909326392 
169883193 
909261112 
960051511 
956964914 
825242420 
825702448 
943196704 
909457465 
540619824 
959461642 
842217777 
169883702 
960050489 
876164152 
940187701 
892417591 
909587251 
926419488 
960049206 
540160561 
808727818 
925905712 
169883958 
842608697 
909127990 
956964918 
925905716 
876099127 
909183520 
842545209 
540029753 
859060490 
892548914 
169881906 
842412601 
943077433 
956964912 
942747700 
842020663 
876153376 
875837746 
540357176 
959461642 
942946609 
169882160 
875967033 
942946609 
940187704 
842610736 
825768244 
875891232 
959984688 
540422709 
959789322 
942814520 
169881649 
859385913 
959657522 
822747186 
943208758 
859386163 
809044512 
825635385 
540160305 
808859914 
892417328 
169881905 
909457674 
959723065 
169882673 
842347064 
842281524 
940187696 
808924466 
942945330 
876153376 
909717811 
540291127 
959461642 
876033332 
1835494974 
909128757 
842545457 
-1451458720 
909392181 
842282545 
876087840 
925970994 
540489527 
959852810 
926103608 
169882160 
808465977 
942944309 
940187705 
909194807 
842346804 
876153376 
926429488 
540094519 
842610698 
892809524 
169881913 
892940345 
892483384 
956964913 
825505330 
943207481 
909707808 
959721520 
540422194 
808727818 
892352049 
169881910 
926429240 
825767730 
956964920 
809055538 
842086197 
909183520 
859322425 
540554553 
842283018 
909652022 
169883449 
825831481 
960050994 
956964912 
909719093 
942750004 
842598944 
892352821 
540422455 
909588490 
825833776 
169883442 
825831481 
842347320 
940187696 
875901492 
959459893 
875891232 
959590448 
540226871 
959789066 
875574832 
169881657 
892483896 
825833524 
822747188 
943208758 
909130033 
876087840 
842085426 
540094518 
859060490 
876033840 
169882419 
959853881 
825832502 
956964914 
876032564 
808466231 
876087840 
808595506 
540227126 
909588490 
858993969 
169883191 
943011640 
876033843 
889856054 
892547124 
909586743 
892930592 
825635897 
540161078 
842283274 
909521977 
169883952 
943273521 
909193784 
940187696 
909718839 
858992695 
876153376 
909392178 
540618806 
808728842 
926365745 
169882672 
909259832 
859254833 
940187702 
909587762 
875835960 
926419488 
825833525 
540160818 
959789322 
909391929 
169883704 
875574325 
808923698 
956964921 
943143221 
842150713 
876153376 
875640882 
540029493 
959852810 
909195320 
169883956 
859387192 
825832760 
956964915 
892746037 
842151223 
842533408 
926168882 
540424241 
859060490 
926429234 
169883701 
859387192 
909194808 
940187699 
875575600 
842085684 
842533408 
892548661 
540358707 
808727818 
858797617 
169882928 
943206456 
825833781 
940187700 
825504313 
942814007 
909183520 
825767993 
540356665 
959461642 
909587764 
169882679 
926496057 
909128498 
822747189 
943208758 
859256370 
876087840 
926167858 
540292656 
842283018 
892418098 
169882674 
825242681 
959854392 
940187702 
842610736 
909521972 
876153376 
892614962 
540029747 
909588490 
858993969 
169883191 
926494777 
825767729 
889856049 
959590452 
926036273 
892930592 
825635897 
540161078 
909588490 
858993456 
169882163 
892549169 
959723828 
169882679 
825831481 
892811314 
940187703 
875901492 
926233653 
825035296 
875640116 
842479669 
956964912 
959658288 
825766194 
876087840 
842543666 
540357685 
909588490 
943142960 
169881652 
959787577 
960049207 
889856052 
942944308 
926037305 
892930592 
842348601 
540029240 
909261066 
909324337 
169883696 
943273521 
909193784 
940187696 
909391920 
926366005 
876153376 
875837746 
540618803 
808728842 
926365745 
169882928 
825831481 
808989753 
940187703 
875770420 
875575350 
926419488 
859124022 
540423987 
909261066 
876163636 
169883704 
808465461 
825570361 
940187705 
825635380 
943273520 
959973920 
959461426 
540291637 
959852810 
959526968 
169882417 
959592760 
875769908 
940187701 
942944825 
876098355 
892930592 
875968822 
540225849 
892483594 
859123765 
169881651 
842216505 
942946096 
956964913 
808925488 
942684215 
892930592 
825374521 
540029493 
808727818 
825373236 
169882681 
926429240 
825767730 
940187704 
892547641 
959721522 
909183520 
825767993 
540029241 
909261066 
842609204 
169881652 
926233144 
859256630 
956964912 
909719093 
808597812 
808978976 
892678201 
540554037 
842283018 
825636912 
169883449 
825831481 
842347320 
940187696 
842217781 
892482610 
875891232 
875902256 
540226869 
842283018 
808663090 
169883697 
909717561 
842019381 
822747186 
943208758 
959722547 
842533408 
825440309 
540096564 
808859914 
959460656 
169882681 
959853881 
825832502 
956964914 
825702704 
859385913 
876153376 
808793906 
540291120 
842283018 
959985973 
169882676 
858929464 
842543669 
889856049 
842281012 
892679218 
809044512 
943207737 
540031284 
892483594 
926102328 
169883191 
943273521 
875836216 
940187698 
859321650 
825766961 
876087840 
926167858 
540029491 
808728842 
909588529 
169883193 
959788856 
959721776 
956964914 
892614965 
859387961 
926419488 
825833525 
540160818 
959789322 
875575605 
169883700 
842019893 
926430770 
956964913 
943143221 
909520953 
926419488 
876033333 
540160824 
959852810 
909195320 
169883445 
875706680 
959984440 
940187702 
859321650 
875705651 
842533408 
926168882 
540555313 
859060490 
926429234 
169883701 
825831481 
858796083 
940187699 
942683703 
808728631 
876087840 
892874802 
540422708 
808727818 
892614960 
169883697 
809055544 
959721526 
940187696 
858797623 
808728627 
909183520 
842545209 
540619060 
959789322 
942880056 
169881912 
943010360 
808792627 
956964914 
909719093 
875641140 
926419488 
842215478 
540292661 
942684170 
842413620 
169881907 
808859448 
876099384 
940187696 
959789104 
909129013 
875891232 
926036528 
540422705 
959461642 
876099637 
169881657 
959984952 
909718329 
822747193 
943208758 
825831731 
876153376 
825307187 
540030006 
909588490 
942879536 
169882420 
943274040 
892352053 
940187700 
875901497 
875704631 
809044512 
909653305 
540226615 
842610698 
892351289 
169882169 
909455928 
959984947 
889856055 
909193268 
943140913 
876087840 
859320882 
540292914 
959461642 
959525429 
169883447 
943273521 
892941112 
956964914 
926036788 
825374003 
809044512 
859386169 
540293175 
808728842 
909588529 
169883193 
926494777 
859322417 
940187705 
960051253 
892941874 
926419488 
859124022 
540423987 
959461642 
825375027 
169883703 
909128757 
808990769 
940187702 
842479664 
842283064 
842598944 
892744502 
540357687 
959852810 
909260856 
169882167 
842608697 
859322677 
940187698 
892483893 
858994740 
876153376 
926429488 
540160055 
959461642 
926365749 
169882166 
943011640 
909718835 
956964912 
825505330 
943207481 
842533408 
858994741 
540357173 
808727818 
942683697 
169883697 
926496057 
842217784 
956964914 
959658288 
959592753 
909183520 
859322425 
540291127 
892811274 
859060021 
169882930 
959983672 
959853362 
956964920 
909719093 
825375028 
876153376 
859058483 
540095026 
842283018 
925906225 
169882417 
825636664 
926102325 
940187702 
875967799 
842545200 
875891232 
959590448 
540227892 
959789322 
942814520 
169881649 
825831481 
842216761 
822747184 
943208758 
909457715 
892865056 
926430009 
540162353 
892483594 
926036792 
169881654 
959853881 
825832502 
940187701 
876032569 
926101558 
876087840 
825569586 
540226098 
842283018 
875770677 
169883696 
825635385 
943208502 
889856050 
842281012 
825504308 
892865056 
808857657 
540031284 
909261066 
842609204 
169882675 
943273521 
808923960 
940187697 
942881077 
842608951 
809044512 
876163385 
540553272 
808728842 
909588529 
169883961 
892679992 
808858935 
940187696 
942682676 
876099125 
876087840 
858993970 
540553268 
842610698 
909653045 
169881910 
858797109 
808925237 
940187703 
842479664 
942749751 
892865056 
926496568 
540487990 
959852810 
959592504 
169883698 
842216505 
892614192 
940187702 
859321650 
825767731 
876153376 
926429488 
540028983 
892483594 
859058229 
169882417 
942814265 
808465457 
956964919 
942750000 
808596787 
842533408 
926299957 
540227897 
808727818 
909522227 
169882934 
876164409 
875966774 
956964914 
943012144 
875968311 
909183520 
842545209 
540620598 
909261066 
808859956 
169883445 
825831481 
959723570 
940187704 
876032562 
959983927 
876153376 
942682675 
540554551 
959789066 
859190578 
169881655 
808859448 
876099384 
956964912 
909194802 
943011895 
875891232 
842609200 
540423478 
842283018 
808663090 
169883697 
875706680 
959461425 
822747192 
943208758 
876033586 
842533408 
842281525 
540096566 
959789322 
859059512 
169882169 
825242681 
808924984 
940187698 
825635380 
909326128 
809044512 
825374009 
540161849 
909588490 
858993969 
169883191 
909261112 
909718577 
889856050 
842018868 
926168889 
809044512 
943207737 
540031284 
943011850 
959658297 
169883958 
943273521 
959525688 
956964913 
959723058 
926365492 
842533408 
926299957 
540619319 
959985674 
808858936 
169883956 
892941625 
892612665 
956964914 
858797618 
859255350 
959973920 
808663346 
540162357 
892483594 
943010614 
169883449 
825242677 
925905206 
956964920 
943012144 
809055288 
892865056 
859388216 
540423476 
959852810 
825374776 
169882422 
892483896 
909195572 
956964921 
842479925 
942815283 
909183520 
842545209 
540620598 
892483594 
875639608 
169881912 
942815544 
825438513 
956964916 
942747700 
858797879 
926419488 
825243957 
540162356 
909261066 
909325106 
169882421 
808792632 
959591731 
940187702 
875967799 
909193520 
876087840 
959919154 
540620342 
909457674 
959723065 
169882161 
909718841 
942815285 
940187704 
909587762 
876163382 
926419488 
926429238 
540030008 
842283018 
909325365 
169883190 
858797109 
943077173 
956964917 
943012144 
809055288 
876153376 
842281267 
540030521 
959852810 
909195320 
169882165 
926496057 
926234424 
956964919 
875573302 
925905465 
943196704 
909457465 
540161328 
842283274 
859059257 
169883696 
808858169 
808662835 
940187701 
859386425 
842609968 
876087840 
942945074 
540094518 
808727818 
842609200 
169881652 
842608697 
909127990 
956964918 
842217776 
926102324 
909183520 
859322425 
540424502 
859060490 
892548914 
169881906 
825831481 
943141689 
956964916 
942747700 
909719095 
809044512 
825832249 
540029497 
909261066 
808859187 
169882928 
825636664 
926102325 
940187702 
859321655 
909391671 
875891232 
942749232 
540225592 
942684170 
943206967 
169882164 
859189817 
876033334 
822747189 
943208758 
942815538 
842533408 
825440309 
540096564 
942684170 
926496825 
169882421 
825242681 
808924984 
940187699 
926364983 
808596528 
926419488 
892810549 
540030259 
909261066 
876163380 
169883704 
825832760 
842019890 
889856050 
842281012 
926431539 
809044512 
825635385 
540423728 
926419488 
859189558 
540422966 
959852810 
926103608 
169882672 
876097592 
909391158 
940187697 
926233906 
825635632 
876153376 
926429488 
540356663 
892483594 
859124534 
169881656 
842216505 
842347319 
956964912 
926497077 
808597811 
892930592 
825635897 
540422708 
808727818 
909195570 
169883443 
943273273 
825766453 
956964912 
842348853 
943077686 
909183520 
842545209 
540487988 
959789322 
926038325 
169881654 
926234424 
809056566 
956964920 
942747700 
825243447 
876153376 
875837746 
540357176 
909588490 
859322672 
169882933 
959592760 
959787059 
940187698 
909718839 
842151992 
875891232 
892482096 
540619832 
842610698 
892549172 
169882681 
825832760 
909587250 
822747189 
943208758 
825570865 
876087840 
909193778 
540356661 
842283274 
808858681 
169883193 
959853881 
825832502 
940187699 
842610736 
943207477 
876153376 
876099122 
540356914 
842610698 
892351289 
169882169 
859124280 
842347575 
889856049 
842018868 
859386937 
808978976 
926037816 
540553528 
892483594 
842217267 
169883187 
943273521 
943075896 
956964913 
842282546 
808727097 
842533408 
926299957 
540029751 
808728842 
926365745 
169882672 
892483896 
875968308 
956964913 
842479925 
842151217 
809044512 
859320633 
540029493 
892483594 
959919671 
169882425 
808465461 
875706674 
956964913 
909261104 
909520945 
876087840 
959460914 
540291122 
959852810 
909195320 
169882165 
842412601 
875639603 
940187700 
892483893 
808662582 
892930592 
875968822 
540160313 
959461642 
809054519 
169882425 
892874808 
825767737 
940187698 
926496816 
909588792 
959973920 
943142450 
540094514 
808727818 
808727861 
169883443 
842150968 
825242424 
940187704 
859190578 
842086710 
909183520 
859322425 
540619828 
892483594 
875639608 
169881912 
858928184 
842217268 
956964912 
942747700 
909719095 
876087840 
925970994 
540096567 
169883705 
842608697 
959854640 
956964919 
892877109 
808728116 
892930592 
875968822 
540619065 
842610698 
825702200 
169883952 
926429240 
825309234 
940187702 
859386425 
842609968 
926419488 
943077685 
540160568 
808727818 
809054518 
169882934 
909259832 
959852593 
940187704 
808924466 
808464946 
909183520 
859322425 
540161337 
909261066 
842609204 
169881652 
859124280 
858929456 
956964916 
942747700 
842020663 
892865056 
909652793 
540357172 
842283018 
960049206 
169883702 
875967033 
942946609 
956964920 
925905716 
892876343 
875891232 
808857904 
540554805 
942684170 
943141431 
169883697 
809054264 
825570357 
822747192 
943208758 
875772210 
809044512 
959787577 
540160824 
959789322 
892482872 
169882425 
825242681 
808924984 
940187700 
842610736 
909521972 
808978976 
875967544 
540423225 
959461642 
892549169 
169881650 
859387192 
842281522 
889856053 
909193268 
926102321 
809044512 
825635385 
540423728 
842283018 
842608694 
169882672 
943273521 
892743992 
940187698 
842086709 
808989236 
892865056 
959592760 
540423476 
909457674 
959723065 
169883185 
926037049 
808924980 
940187696 
842019380 
859190832 
959973920 
892745778 
540423472 
959461642 
926037302 
169882425 
858797109 
925972277 
940187698 
942813748 
942747699 
909707808 
959721520 
540422194 
959852810 
926103608 
169882160 
959788856 
858797878 
956964915 
876163636 
959460918 
892930592 
875968822 
540029497 
892483850 
926232633 
169883185 
942815544 
875771447 
940187699 
959984951 
842215985 
808978976 
926234680 
540291129 
808727818 
942945589 
169882928 
909259833 
925971512 
956964912 
875639604 
825439281 
909183520 
859322425 
540490038 
959461386 
842282288 
169882678 
892678712 
892547127 
940187703 
876032562 
842608951 
876153376 
942682675 
540554551 
892811274 
842151735 
169881649 
809054264 
825570356 
956964914 
943143221 
926364983 
875891232 
808857904 
540291640 
959789322 
859387959 
169882162 
875706680 
926429752 
822747186 
943208758 
892482610 
842533408 
842281525 
540096566 
942684170 
959722041 
169882680 
825242681 
808924984 
940187696 
825635380 
909326128 
809044512 
825374009 
540161849 
942684170 
959985465 
169883191 
959788856 
875902774 
889856052 
842281012 
892482099 
892930592 
825635897 
540161078 
842610698 
825832501 
169883958 
943273521 
892743992 
940187696 
942881077 
842608951 
876087840 
825766450 
540160565 
959985674 
808858936 
169882421 
825831481 
909259577 
956964920 
808531506 
825373490 
808978976 
875835449 
540160309 
892483594 
859124534 
169882936 
875574325 
842478386 
940187704 
942813748 
942747699 
876087840 
942683698 
540293430 
959852810 
909260856 
169882167 
842216505 
842347319 
940187697 
876032569 
842610995 
876153376 
926429488 
540555574 
842283018 
926300208 
169883952 
959983672 
858929464 
940187702 
909652537 
909455413 
892930592 
842609977 
540030519 
808727818 
875770420 
169883191 
876163129 
926299957 
956964916 
842479925 
892743731 
909183520 
859322425 
540358705 
909261066 
808923952 
169883956 
959983672 
943273010 
956964912 
942747700 
909719095 
876087840 
959524914 
540031027 
959789066 
942684465 
169882163 
960050489 
842609463 
940187696 
876032569 
943142709 
875891232 
858928176 
540161844 
959789322 
909194804 
169882164 
808858169 
808662835 
822747186 
943208758 
892482610 
892865056 
926496568 
540618801 
892483850 
842151737 
169883447 
825242681 
959854392 
956964920 
825766452 
942946099 
876153376 
926168882 
540621110 
959461642 
943140919 
169883696 
926496057 
842346802 
889856048 
842281012 
876163378 
892930592 
842348601 
540029240 
909261066 
909324337 
169883696 
943273521 
909193784 
956964912 
943143221 
909457464 
892865056 
926496568 
540555064 
909457674 
959723065 
169882929 
825636664 
859190070 
956964918 
909392181 
942750000 
959973920 
808663346 
540162357 
892811274 
943207993 
169882162 
808465461 
959723826 
940187703 
942944825 
808794163 
842598944 
842215990 
540226358 
959852810 
825440312 
169882936 
942814265 
875902257 
940187700 
926364983 
926168113 
876153376 
926429488 
540621110 
959789322 
959723577 
169881909 
842150968 
943273265 
940187701 
926496816 
909588792 
842598944 
875770422 
540031030 
808727818 
825309490 
169883954 
926429240 
825767730 
956964920 
876163636 
959984949 
909183520 
842545209 
540553785 
959461642 
943273266 
169882419 
959787577 
825569591 
956964914 
909719093 
842086708 
926419488 
959657525 
540291126 
892483594 
842609460 
169881912 
825831481 
842347320 
940187696 
842217781 
892482610 
875891232 
809055280 
540554032 
959789322 
858863156 
169883192 
842150968 
942813752 
822747192 
943208758 
943142450 
959973920 
943142450 
540160311 
842610698 
825701429 
169883442 
825242681 
808924984 
940187699 
858797623 
842413362 
876087840 
942683698 
540095801 
909588490 
858993969 
169883191 
909259833 
926298680 
889856053 
892678196 
825570612 
959973920 
825309234 
540292914 
842283018 
925971761 
169882931 
943273521 
875966776 
940187705 
892352816 
875967028 
842533408 
808924469 
540423475 
909457674 
959723065 
169882673 
825439289 
842150708 
956964913 
909325874 
859322676 
926419488 
825833525 
540160818 
942684170 
959919416 
169882672 
842019893 
875966777 
956964912 
943143221 
842150713 
892865056 
926430009 
540620089 
959852810 
825374776 
169882166 
926234424 
943076912 
956964912 
842282546 
842348345 
842533408 
926168882 
540424241 
859060490 
926429234 
169883701 
875706680 
825635384 
940187696 
859124276 
942683187 
876087840 
825766450 
540357173 
808727818 
892746032 
169883190 
909259833 
925971512 
956964912 
842479925 
825503794 
909183520 
842545209 
540031030 
892483594 
909259826 
169881912 
959983672 
943273010 
956964916 
942747700 
909719095 
842533408 
892548661 
540031027 
959461642 
825635379 
169883698 
809054264 
825570356 
940187698 
926102834 
959459380 
875891232 
825635120 
540619832 
842283274 
825505846 
169881655 
960050489 
909391160 
822747189 
943208758 
825831731 
892930592 
943208249 
540423480 
892811274 
926036025 
169882679 
943274040 
892352053 
940187698 
942813748 
842084401 
959973920 
842544178 
540621104 
842610698 
892351289 
169882169 
909455928 
959984947 
889856055 
909193268 
943140913 
876087840 
808531506 
540555574 
892483594 
892482360 
169881904 
943273521 
892941112 
956964920 
926036788 
825374003 
959973920 
859060018 
540162361 
808728842 
909588529 
169883193 
942814265 
925905208 
940187703 
808858164 
825571640 
926419488 
926429238 
540030008 
892483594 
875968055 
169881653 
825242677 
909455414 
956964917 
943274293 
876033589 
808978976 
943011896 
540422969 
959852810 
875706424 
169881906 
943010360 
942944563 
956964913 
892483888 
926364985 
892930592 
875968822 
540029497 
942684170 
892416821 
169883184 
859124280 
959722295 
940187696 
926496816 
909588792 
926419488 
892549173 
540619828 
808727818 
858797617 
169883952 
875706680 
959787832 
940187700 
842086709 
875771188 
909183520 
842545209 
540422969 
892811274 
859060021 
169882930 
875705400 
942880823 
956964918 
942747700 
875575095 
876153376 
858863666 
540554295 
842283274 
909587511 
169883961 
808859448 
876099384 
956964912 
943075892 
943273523 
875891232 
859386416 
540029748 
959789322 
942814520 
169881649 
842608697 
892874806 
822747190 
943208758 
926298418 
876087840 
909193778 
540356661 
842283018 
859255859 
169883953 
825242681 
959854392 
940187703 
858797623 
959853874 
876087840 
808531506 
540358969 
909588490 
858993969 
169883191 
875967033 
942946610 
889856056 
892678196 
876033333 
876087840 
859320882 
540553520 
909261066 
842018867 
169883696 
943273521 
892941112 
956964914 
943274293 
842479155 
892865056 
959592760 
540292660 
808728842 
926365745 
169882160 
909717561 
859124277 
956964919 
892614960 
858862645 
959973920 
808663346 
540162357 
842283018 
960049206 
169883447 
808465461 
825569331 
940187705 
842479664 
942749751 
926419488 
808924981 
540029492 
959852810 
825440312 
169881913 
825636664 
842085174 
956964921 
959591986 
926234937 
892930592 
875968822 
540422457 
842283018 
960050996 
169882930 
926038328 
859255604 
956964913 
942750000 
808596787 
892865056 
842150713 
540357172 
808727818 
926430515 
169882928 
842608697 
909127990 
940187702 
842610736 
842348851 
909183520 
859322425 
540423481 
959789322 
909326393 
169882167 
842216505 
825242423 
956964912 
909719093 
842086708 
876153376 
926168882 
540028983 
959461642 
809054519 
169882937 
808859448 
876099384 
956964912 
842348853 
875641140 
875891232 
825438256 
540488240 
959789322 
809056311 
169883190 
909259833 
909390904 
822747189 
943208758 
859189554 
909707808 
808792112 
540620852 
842283018 
876163126 
169882422 
825242681 
959854392 
940187702 
858797623 
959853874 
876153376 
842281267 
540618807 
892811274 
842086712 
169882163 
959984952 
925972530 
889856054 
909193268 
875837489 
892930592 
959985465 
540160563 
959461642 
942946609 
169882672 
943273521 
909193784 
940187700 
892876848 
959852856 
808978976 
842413624 
540357432 
842151946 
825701431 
169883192 
842216505 
892811312 
940187704 
942944825 
808531506 
959973920 
892745778 
540423472 
909261066 
892746036 
169883702 
909128757 
808990769 
940187697 
942944825 
808794163 
876087840 
825569586 
540488503 
959852810 
875771960 
169883444 
842347064 
943075892 
956964913 
892877109 
842609460 
892930592 
875968822 
540029497 
892483594 
875968055 
169882165 
959591481 
959460916 
940187705 
892417591 
909587251 
842598944 
943075638 
540162104 
808727818 
825307702 
169881649 
876164409 
875966774 
956964914 
875639604 
959527216 
909183520 
859322425 
540424502 
909261066 
808859956 
1718121022 
-1767986318 
58129 
-1767928189 
-1767870060 
759169047 
-1008701013 
-249531966 
-1258232979 
-1507764945 
1528969372 
21204427 
1550173799 
1571378226 
-1173415271 
397962955 
-775452316 
-377489361 
-1152941677 
-1530431038 
1611594581 
81163543 
1692758124 
1773921667 
-828287505 
945634162 
117346657 
1062980819 
1180327476 
-2051659001 
-871331525 
1371976770 
500645245 
1872622015 
-1921700036 
-49078021 
-1970778057 
-2019856078 
304333161 
-1715522917 
-1411189756 
1168254623 
-242935133 
925319490 
682384357 
1607703847 
-2004879092 
-397175245 
1892912959 
1495737714 
-906316623 
589421091 
-316895532 
272525559 
-44369973 
228155586 
183785613 
411941199 
595726812 
1007668011 
1603394823 
-1683904462 
-80509639 
-1764414101 
-1844923740 
685629455 
-1159294285 
-473664830 
-1632959115 
-2106623945 
555384236 
-1551239709 
-995855473 
1747872114 
752016641 
-1795078541 
-1043061900 
1456826855 
413764955 
1870591810 
-2010610531 
-140018721 
2144338044 
2004319323 
-146309929 
1858009394 
1711699465 
-725258437 
986441028 
261182591 
1247623619 
1508806210 
-1538537467 
-29731257 
-1568268724 
-1597999981 
1128698591 
-469301390 
659397201 
190095811 
849493012 
1039588823 
1889081835 
-1366296638 
522785197 
-843511441 
-320726244 
-1164237685 
-1484963929 
1645765682 
160801753 
1806567435 
1967369188 
-521030673 
1446338515 
925307842 
-1923320939 
-998013097 
1373633260 
375620163 
1749253423 
2124873586 
-420840287 
1704033299 
1283193012 
-1307740985 
-24547973 
-1332288958 
-1356836931 
1605841407 
249004476 
1854845883 
2103850359 
-336271054 
1767579305 
1431308251 
-1096079740 
335228511 
-760851229 
-425622718 
-1186473947 
-1612096665 
1496396684 
-115699981 
1380696703 
1264996722 
-1649273871 
-384277149 
-2033551020 
1877139127 
-156411893 
1720727234 
1564315341 
-1009924721 
554390620 
-455534101 
98856519 
-356677582 
-257821063 
-614498645 
-872319708 
-1486818353 
1935829235 
449010882 
-1910127179 
-1461116297 
923723820 
-537392477 
386331343 
-151061134 
235270209 
84209075 
319479284 
403688359 
723167643 
1126856002 
1850023645 
-1318087649 
531935996 
-786151653 
-254215657 
-1040367310 
-1294582967 
1960017019 
665434052 
-1669516225 
-1004082173 
1621368898 
617286725 
-2056311673 
-1439024948 
799630675 
-639394273 
160236402 
-479157871 
-318921469 
-798079340 
-1117000809 
-1915080149 
1262886338 
-652193811 
610692527 
-41501284 
569191243 
527689959 
1096881202 
1624571161 
-1573514933 
51056228 
-1522458705 
-1471402477 
1301106114 
-170296363 
1130809751 
960513388 
2091323139 
-1243130769 
848192370 
-394938399 
453253971 
58315572 
511569543 
569885115 
1081454658 
1651339773 
-1562172865 
89166908 
-1473005957 
-1383839049 
1438122290 
54283241 
1492405531 
1546688772 
-1255872993 
290815779 
-965057214 
-674241435 
-1639298649 
1981427212 
342128563 
-1971411521 
-1629282958 
694272817 
-935010141 
-240737324 
-1175747465 
-1416484789 
1702735042 
286250253 
1988985295 
-2019731748 
-30746453 
-2050478201 
-2081224654 
163264441 
-1917960213 
-1754695772 
622311311 
-1132384461 
-510073150 
-1642457611 
2142436535 
499978924 
-1652551837 
-1152572913 
1489842546 
337269633 
1827112179 
-2130585484 
-303473305 
1860908507 
1557435202 
-876623587 
680811615 
-195811972 
484999643 
289187671 
774187314 
1063374985 
1837562299 
-1394030012 
443532287 
-950497725 
-506965438 
-1457463163 
-1964428601 
873075532 
-1091353069 
-218277537 
-1309630606 
-1527908143 
1457428547 
-70479596 
1386948951 
1316469355 
-1591548990 
-275079635 
-1866628625 
-2141708260 
286630411 
-1855077849 
-1568447438 
871442009 
-697005429 
174436580 
-522568849 
-348132269 
-870701118 
-1218833387 
-2089534505 
986599404 
-1102935101 
-116335697 
-1219270798 
-1335606495 
1740090003 
404483508 
2144573511 
-1745910277 
398663234 
-1347247043 
-948583809 
1999136444 
1050552635 
-1245278217 
-194725582 
-1440003799 
-1634729381 
1220234116 
-414495265 
805738851 
391243586 
1196982437 
1588226023 
-1509758836 
78467187 
-1431291649 
-1352824462 
1510851185 
158026723 
1668877908 
1826904631 
-799184757 
1027719874 
228535117 
1256254991 
1484790108 
-1553922197 
-69132089 
-1623054286 
-1692186375 
979726635 
-712459740 
267266895 
-445192845 
-177925950 
-623118795 
-801044745 
-1424163540 
2069759011 
645595471 
-1579612814 
-934017343 
1781337139 
847319796 
-1666310361 
-818990565 
1809666370 
990675805 
-1494625121 
-503949316 
-1998574437 
1792443543 
-206130894 
1586312649 
1380181755 
-1328472892 
51708863 
-1276764029 
-1225055166 
1793148101 
568092935 
-1933726260 
-1365633325 
995607711 
-370025614 
625582097 
255556483 
881138580 
1136695063 
2017833643 
-1140438590 
877395053 
-263043537 
614351516 
351307979 
965659495 
1316967474 
-2012340327 
-695372853 
1587254116 
891881263 
-1815831917 
-923950654 
1555184725 
631234071 
-2108548500 
-1477314429 
709104367 
-768210062 
-59105695 
-827315757 
-886421452 
-1713737209 
1694808635 
-18928574 
1675880061 
1656951487 
-962135748 
694815739 
-267320009 
427495730 
160175721 
587671451 
747847172 
1335518623 
2083365795 
-876082878 
1207282917 
331200039 
1538482956 
1869682995 
-886801345 
982881650 
96080305 
1078961955 
1175042260 
-2040963081 
-865920821 
1388083394 
522162573 
1910245967 
-1862558756 
47687211 
-1814871545 
-1767184334 
712911417 
-1054272917 
-341361500 
-1395634417 
-1736995917 
1162336962 
-574658955 
587678007 
13019052 
600697059 
613716111 
1214413170 
1828129281 
-1252424845 
575704436 
-676720409 
-101015973 
-777736382 
-878752355 
-1656488737 
1759726204 
103237467 
1862963671 
1966201138 
-465802487 
1500398651 
1034596164 
-1759972481 
-725376317 
1809618498 
1084242181 
-1401106617 
-316864436 
-1717971053 
-2034835489 
542160754 
-1492674735 
-950513981 
1851778580 
901264599 
-1541924117 
-640659518 
2112383661 
1471724143 
-710859492 
760864651 
50005159 
810869810 
860874969 
1671744779 
-1762347548 
-90602769 
-1852950317 
-1943553086 
498463893 
-1445089193 
-946625300 
1903252803 
956627503 
-1435086990 
-478459487 
-1913546477 
1902961332 
-10585145 
1892376187 
1881791042 
-520800067 
1360990975 
840190908 
-2093785413 
-1253594505 
947587378 
-306007127 
641580251 
335573124 
977153375 
1312726499 
-2005087422 
-692360923 
1597518951 
905158028 
-1792290317 
-887132289 
1615544690 
728412401 
-1951010205 
-1222597804 
1121359287 
-101238517 
1020120770 
918882253 
1939003023 
-1437082020 
501921003 
-935161017 
-433240014 
-1368401031 
-1801641045 
1124925220 
-676715825 
448209395 
-228506430 
219702965 
-8803465 
210899500 
202096035 
412995535 
615091570 
1028087105 
1643178675 
-1623701516 
19477159 
-1604224357 
-1584747198 
1105995741 
-478751457 
627244284 
148492827 
775737111 
924229938 
1699967049 
-1670770309 
29196740 
-1641573569 
-1612376829 
1041016898 
-571359931 
469656967 
-101702964 
367954003 
266251039 
634205042 
900456081 
1534661123 
-1859850092 
-325188969 
2109928235 
1784739266 
-400299795 
1384439471 
984139676 
-1926388149 
-942248473 
1426330674 
484082201 
1910412875 
-1900472220 
9940655 
-1890531565 
-1880590910 
523844821 
-1356746089 
-832901268 
2105319939 
1272418671 
-917228686 
355189985 
-562038701 
-206848716 
-768887417 
-975736133 
-1744623550 
1574607613 
-170015937 
1404591676 
1234575739 
-1655799881 
-421224142 
-2077024023 
1796719131 
-280304892 
1516414239 
1236109347 
-1542443710 
-306334363 
-1848778073 
2139854860 
291076787 
-1864035649 
-1572958862 
857972785 
-714986077 
142986708 
-571999369 
-429012661 
-1001012030 
-1430024691 
1863930575 
433905884 
-1997130837 
-1563224953 
734611506 
-828613447 
-94001941 
-922615388 
-1016617329 
-1939232717 
1339117250 
-600115467 
739001783 
138886316 
877888099 
1016774415 
1894662514 
-1383530367 
511132147 
-872398220 
-361266073 
-1233664293 
-1594930366 
1466372637 
-128557729 
1337814908 
1209257179 
-1747895209 
-538638030 
2008434057 
1469796027 
-816737212 
653058815 
-163678397 
489380418 
325702021 
815082439 
1140784460 
1955866899 
-1198315937 
757550962 
-440764975 
316785987 
-123978988 
192806999 
68828011 
261635010 
330463021 
592098031 
922561052 
1514659083 
-1857747161 
-343088078 
2094132057 
1751043979 
-449791260 
1301252719 
851461459 
-2142253118 
-1290791659 
861922519 
-428869140 
433053379 
4184239 
437237618 
441421857 
878659475 
1320081332 
-2096226489 
-776145157 
1422595650 
646450493 
2069046143 
-1579470660 
489575483 
-1089895177 
-600319694 
-1690214871 
2004432731 
314217860 
-1976316705 
-1662098845 
656551746 
-1005547099 
-348995353 
-1354542452 
-1703537805 
1236887039 
-466650766 
770236273 
303585507 
1073821780 
1377407287 
-1843738229 
-466330942 
1984898125 
1518567183 
-791501988 
727065195 
-64436793 
662628402 
598191609 
1260820011 
1859011620 
-1175135665 
683875955 
-491259710 
192616245 
-298643465 
-106027220 
-404670685 
-510697905 
-915368590 
-1426066495 
1953532211 
527465716 
-1813969369 
-1286503653 
1194494274 
-92009379 
1102484895 
1010475516 
2112960411 
-1171531369 
941429042 
-230102327 
711326715 
481224388 
1192551103 
1673775491 
-1428640702 
245134789 
-1183505913 
-938371124 
-2121877037 
1234719135 
-887157902 
347561233 
-539596669 
-192035436 
-731632105 
-923667541 
-1655299646 
1716000109 
60700463 
1776700572 
1837401035 
-680865689 
1156535346 
475669657 
1632205003 
2107874660 
-554887633 
1552987027 
998099394 
-1743880875 
-745781481 
1805304940 
1059523459 
-1430138897 
-370615438 
-1800754335 
2123597523 
322843188 
-1848526585 
-1525683397 
920757314 
-604926083 
315831231 
-289094852 
26736379 
-262358473 
-235622094 
-497980567 
-733602661 
-1231583228 
-1965185889 
1098198179 
-866987710 
231210469 
-635777241 
-404566772 
-1040344013 
-1444910785 
1809712498 
364801713 
-2120453085 
-1755651372 
418862839 
-1336788533 
-917925694 
2040253069 
1122327375 
-1132386852 
-10059477 
-1142446329 
-1152505806 
2000015161 
847509355 
-1447442780 
-599933425 
-2047376205 
1647657666 
-399718539 
1247939127 
848220588 
2096159715 
-1350586993 
745572722 
-605014271 
140558451 
-464455820 
-323897369 
-788353189 
-1112250558 
-1900603747 
1282112991 
-618490756 
663622235 
45131479 
708753714 
753885193 
1462638907 
-2078443196 
-615804289 
1600719811 
984915522 
-1709331963 
-724416441 
1861218892 
1136802451 
-1296945953 
-160143502 
-1457089455 
-1617232957 
1220644884 
-396588073 
824056811 
427468738 
1251525549 
1678994287 
-1364447460 
314546827 
-1049900633 
-735353806 
-1785254439 
1774359051 
-10895388 
1763463663 
1752568275 
-778935358 
973632917 
194697559 
1168330476 
1363028035 
-1763608785 
-400580750 
2130777761 
1730197011 
-433992524 
1296204487 
862211963 
-2136550846 
-1274338883 
884077567 
-390261316 
493816251 
103554935 
597371186 
700926121 
1298297307 
1999223428 
-997446561 
1001776867 
4330306 
1006107173 
1010437479 
2016544652 
-1267985165 
748559487 
-519425678 
229133809 
-290291869 
-61158060 
-351449929 
-412607989 
-764057918 
-1176665907 
-1940723825 
1177577564 
-763146261 
414431303 
-348714958 
65716345 
-282998613 
-217282268 
-500280881 
-717563149 
-1217844030 
-1935407179 
1141716087 
-793691092 
348024995 
-445666097 
-97641102 
-543307199 
-640948301 
-1184255500 
-1825203801 
1285507995 
-539695806 
745812189 
206116383 
951928572 
1158044955 
2109973527 
-1026948814 
1083024713 
56075899 
1139100612 
1195176511 
-1960690173 
-765513662 
1568763461 
803249799 
-1922954036 
-1119704237 
1252309023 
132604786 
1384913809 
1517518595 
-1392534892 
124983703 
-1267551189 
-1142567486 
1884848621 
742281135 
-1667837540 
-925556405 
1701573351 
776016946 
-1817376999 
-1041360053 
1436230244 
394870191 
1831100435 
-2068996670 
-237896235 
1988074391 
1750178156 
-556714749 
1193463407 
636748658 
1830212065 
-1828006573 
2205492 
-1825801081 
-1823595589 
645570626 
-1178024963 
-532454337 
-1710479300 
2052033659 
341554359 
-1901379278 
-1559824919 
833763099 
-726061820 
107701279 
-618360541 
-510659262 
-1129019803 
-1639679065 
1526268428 
-113410637 
1412857791 
1299447154 
-1582662351 
-283215197 
-1865877548 
2145874551 
279997003 
-1869095742 
-1589098739 
836772815 
-752325924 
84446891 
-667879033 
-583432142 
-1251311175 
-1834743317 
1208912804 
-625830513 
583082291 
-42748222 
540334069 
497585847 
1037919916 
1535505763 
-1721541617 
-186035854 
-1907577471 
-2093613325 
293776500 
-1799836825 
-1506060325 
989070146 
-516990179 
472079967 
-44910212 
427169755 
382259543 
809429298 
1191688841 
2001118139 
-1102160316 
898957823 
-203202493 
695755330 
492552837 
1188308167 
1680861004 
-1425798125 
255062879 
-1170735246 
-915672367 
-2086407613 
1292887316 
-793520297 
499367019 
-294153278 
205213741 
-88939537 
116274204 
27334667 
143608871 
170943538 
314552409 
485495947 
800048356 
1285544303 
2085592659 
-923830334 
1161762325 
237931991 
1399694316 
1637626307 
-1257646673 
379979634 
-877667039 
-497687405 
-1375354444 
-1873041849 
1046571003 
-826470846 
220100157 
-606370689 
-386270532 
-992641221 
-1378911753 
1923414322 
544502569 
-1827050405 
-1282547836 
1185369055 
-97178781 
1088190274 
991011493 
2079201767 
-1224754036 
854447731 
-370306305 
484141426 
113835121 
597976547 
711811668 
1309788215 
2021599883 
-963579198 
1058020685 
94441487 
1152462172 
1246903659 
-1895601465 
-648697806 
1750668025 
1101970219 
-1442329052 
-340358833 
-1782687885 
-2123046718 
389232693 
-1733814025 
-1344581332 
1216571939 
-128009393 
1088562546 
960553153 
2049115699 
-1285298444 
763817255 
-521481189 
242336066 
-279145123 
-36809057 
-315954180 
-352763237 
-668717417 
-1021480654 
-1690198071 
1583288571 
-106909500 
1476379071 
1369469571 
-1449118654 
-79649083 
-1528767737 
-1608416820 
1157782739 
-450634081 
707148658 
256514577 
963663235 
1220177812 
-2111126249 
-890948437 
1292892610 
401944173 
1694836783 
2096780956 
-503349557 
1593431399 
1090081842 
-1611454055 
-521372213 
-2132826268 
1640768815 
-492057453 
1148711362 
656653909 
1805365271 
-1832948116 
-27582845 
-1860530961 
-1888113806 
546322529 
-1341791277 
-795468748 
-2137260025 
1362238523 
-775021502 
587217021 
-187804481 
399412540 
211608059 
611020599 
822628658 
1433649257 
-2038689381 
-605040124 
1651237791 
1046197667 
-1597531838 
-551334171 
2146101287 
1594767116 
-554098893 
1040668223 
486569330 
1527237553 
2013806883 
-753922860 
1259884023 
505961163 
1765845186 
-2023160947 
-257315761 
2014490588 
1757174827 
-523301881 
1233872946 
710571065 
1944444011 
-1639952220 
304491791 
-1335460429 
-1030968638 
1928538229 
897569591 
-1468859476 
-571289885 
-2040149361 
1683528050 
-356621311 
1326906739 
970285428 
-1997775129 
-1027489701 
1269702466 
242212765 
1511915231 
1754127996 
-1028924069 
725203927 
-303720142 
421483785 
117763643 
539247428 
657011071 
1196258499 
1853269570 
-1245439227 
607830343 
-637608884 
-29778541 
-667387425 
-697165966 
-1364553391 
-2061719357 
868694548 
-1193024809 
-324330261 
-1517355070 
-1841685331 
935926895 
-905758436 
30168459 
-875589977 
-845421518 
-1721011495 
1728534283 
7522788 
1736057071 
1743579859 
-815330366 
928249493 
112919127 
1041168620 
1154087747 
-2099710929 
-945623182 
1249633185 
304010003 
1553643188 
1857653191 
-883670917 
973982274 
90311357 
1064293631 
1154604988 
-2076068677 
-921463689 
1297434930 
375971241 
1673406171 
2049377412 
-572183713 
1477193699 
905009986 
-1912763611 
-1007753625 
1374450060 
366696435 
1741146495 
2107842930 
-445977871 
1661865059 
1215887188 
-1417215049 
-201327861 
-1618542910 
-1819870771 
856553615 
-963317156 
-106763541 
-1070080697 
-1176844238 
2048042361 
871198123 
-1375726812 
-504528689 
-1880255501 
1910183106 
29927605 
1940110711 
1970038316 
-384818269 
1585220047 
1200401778 
-1509345471 
-308943693 
-1818289164 
-2127232857 
349445275 
-1777787582 
-1428342307 
1088837407 
-339504900 
749332507 
409827607 
1159160114 
1568987721 
-1566819461 
2168260 
-1564651201 
-1562482941 
1167833154 
-394649787 
773183367 
378533580 
1151716947 
1530250527 
-1612999822 
-82749295 
-1695749117 
-1778498412 
820719767 
-957778645 
-137058878 
-1094837523 
-1231896401 
1968233372 
736336971 
-1590396953 
-854059982 
1850510361 
996450379 
-1448006556 
-451556177 
-1899562733 
1943848386 
44285653 
1988134039 
2032419692 
-274413565 
1758006127 
1483592562 
-1053368607 
430223955 
-623144652 
-192920697 
-816065349 
-1008986046 
-1825051395 
1460929855 
-364121540 
1096808315 
732686775 
1829495090 
-1732785431 
96709659 
-1636075772 
-1539366113 
1119525411 
-419840702 
699684709 
279844007 
979528716 
1259372723 
-2056065857 
-796693134 
1442208305 
645515171 
2087723476 
-1561728649 
525994827 
-1035733822 
-509738995 
-1545472817 
-2055211812 
694282667 
-1360929145 
-666646478 
-2027575623 
1600745195 
-426830428 
1173914767 
747084339 
1920999106 
-1626883851 
294115255 
-1332768596 
-1038653341 
1923545359 
884892018 
-1486529919 
-601637901 
-2088167820 
1605161575 
-483006245 
1122155330 
639149085 
1761304415 
-1894513796 
-133209381 
-2027723177 
2134034738 
106311561 
-2054620997 
-1948309436 
292036863 
-1656272573 
-1364235710 
1274459013 
-89776697 
1184682316 
1094905619 
-2015379361 
-920473742 
1359114193 
438640451 
1797754644 
-2058572201 
-260817557 
1975577538 
1714759981 
-604629777 
1110130204 
505500427 
1615630631 
2121131058 
-558205607 
1562925451 
1004719844 
-1727322001 
-722602157 
1845043138 
1122440981 
-1327483177 
-205042196 
-1532525373 
-1737567569 
1024874354 
-712693215 
312181139 
-400512076 
-88330937 
-488843013 
-577173950 
-1066016963 
-1643190913 
1585759420 
-57431493 
1528327927 
1470896434 
-1295742935 
175153499 
-1120589436 
-945435937 
-2066025373 
1283505986 
-782519387 
500986599 
-281532788 
219453811 
-62078977 
157374834 
95295857 
252670691 
347966548 
600637239 
948603787 
1549241026 
-1797122483 
-247881457 
-2045003940 
2002081899 
-42922041 
1959159858 
1916237817 
-419569621 
1496668196 
1077098575 
-1721200525 
-644101950 
1929664821 
1285562871 
-1079739604 
205823267 
-873916337 
-668093070 
-1542009407 
2084864819 
542855412 
-1667247065 
-1124391653 
1503328578 
378936925 
1882265503 
-2033764868 
-151499365 
2109703063 
1958203698 
-227060535 
1731143163 
1504082628 
-1059741505 
444341123 
-615400382 
-171059259 
-786459641 
-957518900 
-1743978541 
1593469855 
-150508686 
1442961169 
1292452483 
-1559553644 
-267101161 
-1826654805 
-2093755966 
374556525 
-1719199441 
-1344642916 
1231124939 
-113517977 
1117606962 
1004088985 
2121695947 
-1169182364 
952513583 
-216668781 
735844802 
519176021 
1255020823 
1774196844 
-1265749629 
508447215 
-757302414 
-248855199 
-1006157613 
-1255012812 
2033796871 
778784059 
-1482386366 
-703602307 
2108978623 
1405376316 
-780612357 
624763959 
-155848398 
468915561 
313067163 
781982724 
1095049887 
1877032611 
-1322884798 
554147813 
-768736985 
-214589172 
-983326157 
-1197915329 
2113725810 
915810481 
-1265431005 
-349620524 
-1615051529 
-1964672053 
715243714 
-1249428339 
-534184625 
-1783612964 
1977169707 
193556743 
-2124240846 
-1930684103 
240042347 
-1690641756 
-1450599409 
1153726131 
-296873278 
856852853 
559979575 
1416832428 
1976812003 
-901322865 
1075489138 
174166273 
1249655411 
1423821684 
-1621490201 
-197668517 
-1819158718 
-2016827235 
458981343 
-1557845892 
-1098864549 
1638256855 
539392306 
-2117318135 
-1577925829 
599723332 
-978202497 
-378479165 
-1356681662 
-1735160827 
1203124807 
-532036020 
671088787 
139052767 
810141554 
949194321 
1759335875 
-1586437100 
172898775 
-1413538325 
-1240639550 
1640789421 
400149871 
2040939292 
-1853878133 
187061159 
-1666816974 
-1479755815 
1148394507 
-331361308 
817033199 
485671891 
1302705090 
1788376981 
-1203885225 
584491756 
-619393469 
-34901713 
-654295182 
-689196895 
-1343492077 
-2032688972 
918786247 
-1113902725 
-195116478 
-1309019203 
-1504135681 
1481812412 
-22323269 
1459489143 
1437165874 
-1398312279 
38853595 
-1359458684 
-1320605089 
1614903523 
294298434 
1909201957 
-2091466905 
-182264948 
2021235443 
1838970495 
-434761358 
1404209137 
969447779 
-1921310380 
-951862601 
1421794315 
469931714 
1891726029 
-1933309553 
-41583524 
-1974893077 
-2016476601 
303597618 
-1712878983 
-1409281365 
1172806948 
-236474417 
936332531 
699858114 
1636190645 
-1958918537 
-322727892 
2013320867 
1690592975 
-591053454 
1099539521 
508486067 
1608025588 
2116511655 
-570430053 
1546081602 
975651549 
-1773234145 
-797582596 
1724150555 
926567959 
-1644248782 
-717680823 
1933037691 
1215356868 
-1146572737 
68784131 
-1077788606 
-1009004475 
-2086793081 
1199169740 
-887623341 
311546399 
-576076942 
-264530543 
-840607485 
-1105138028 
-1945745513 
1244083755 
-701661758 
542421997 
-159239761 
383182236 
223942475 
607124711 
831067186 
1438191897 
-2025708213 
-587516316 
1681742767 
1094226451 
-1518998078 
-424771627 
-1943769705 
1926425964 
-17343741 
1909082223 
1891738482 
-494146591 
1397591891 
903445300 
-1993930105 
-1090484805 
1210552386 
120067581 
1330619967 
1450687548 
-1513659781 
-62972233 
-1576632014 
-1639604247 
1078731035 
-560873212 
517857823 
-43015389 
474842434 
431827045 
906669479 
1338496524 
-2049801293 
-711304769 
1533861234 
822556465 
-1938549597 
-1115993132 
1240424567 
124431435 
1364856002 
1489287437 
-1440823857 
48463580 
-1392360277 
-1343896697 
1558710322 
214813625 
1773523947 
1988337572 
-533105777 
1455231795 
922126018 
-1917609483 
-995483465 
1381874348 
386390883 
1768265231 
-2140311182 
-372045951 
1782610163 
1410564212 
-1101792921 
308771291 
-793021630 
-484250339 
-1277271969 
-1761522308 
1256173019 
-505349289 
750823730 
245474441 
996298171 
1241772612 
-2056896513 
-815123901 
1422946882 
607822981 
2030769863 
-1656374452 
374395411 
-1281979041 
-907583630 
2105404625 
1197820995 
-991741676 
206079319 
-785662357 
-579583038 
-1365245395 
-1944828433 
984893468 
-959934965 
24958503 
-934976462 
-910017959 
-1844994421 
1539954916 
-305039505 
1234915411 
929875906 
-2130175979 
-1200300073 
964491244 
-235808829 
728682415 
492873586 
1221556001 
1714429587 
-1358981708 
355447879 
-1003533829 
-648085950 
-1651619779 
1995261567 
343641788 
-1956063941 
-1612422153 
726481202 
-885940951 
-159459749 
-1045400700 
-1204860449 
2044706147 
839845698 
-1410415451 
-570569753 
-1980985204 
1743412339 
-237572865 
1505839474 
1268266609 
-1520861213 
-252594604 
-1773455817 
-2026050421 
495461058 
-1530589363 
-1035128305 
1729249628 
694121323 
-1871596345 
-1177475022 
1245895929 
68420907 
1314316836 
1382737743 
-1597912717 
-215174974 
-1813087691 
-2028262665 
453616940 
-1574645725 
-1121028785 
1599292786 
478264001 
2077556787 
-1739146508 
338410279 
-1400736229 
-1062325950 
1831905117 
769579167 
-1693483012 
-923903845 
1677580439 
753676594 
-1863710263 
-1110033669 
1321223364 
211189695 
1532413059 
1743602754 
-1018951483 
724651271 
-294300212 
430351059 
136050847 
566401906 
702452753 
1268854659 
1971307412 
-1054805225 
916502187 
-138303038 
778199149 
639896111 
1418095260 
2057991371 
-818880665 
1239110706 
420230041 
1659340747 
2079570788 
-556055761 
1523515027 
967459266 
-1803993003 
-836533737 
1654440556 
817906819 
-1822619921 
-1004713102 
1467634273 
462921171 
1930555444 
-1901490681 
29064763 
-1872425918 
-1843361155 
579180223 
-1264180932 
-685000709 
-1949181641 
1660784946 
-288396695 
1372388251 
1083991556 
-1838587489 
-754595933 
1701783874 
947187941 
-1645995481 
-698807540 
1950164275 
1251356735 
-1093446286 
157910449 
-935535837 
-777625388 
-1713161225 
1804180683 
91019458 
1895200141 
1986219599 
-413547556 
1572672043 
1159124487 
-1563170766 
-404046279 
-1967217045 
1923703972 
-43513073 
1880190899 
1836677826 
-578098571 
1258579255 
680480684 
1939059939 
-1675426673 
263633266 
-1411793407 
-1148160141 
1735013748 
586853607 
-1973099941 
-1386246334 
935621021 
-450625313 
484995708 
34370395 
519366103 
553736498 
1073102601 
1626839099 
-1595025596 
31813503 
-1563212093 
-1531398590 
1200356613 
-331041977 
869314636 
538272659 
1407587295 
1945859954 
-941520047 
1004339907 
62819860 
1067159767 
1129979627 
-2097827902 
-967848275 
1229291119 
261442844 
1490733963 
1752176807 
-1052056526 
700120281 
-351936245 
348184036 
-3752209 
344431827 
340679618 
685111445 
1025791063 
1710902508 
-1558273725 
152628783 
-1405644942 
-1253016159 
1636306195 
383290036 
2019596231 
-1892081029 
127515202 
-1764565827 
-1637050625 
893350844 
-743699781 
149651063 
-594048718 
-444397655 
-1038446373 
-1482844028 
1773676895 
290832867 
2064509762 
-1939624667 
124885095 
-1814739572 
-1689854477 
790373247 
-899481230 
-109107983 
-1008589213 
-1117697196 
-2126286409 
1050983691 
-1075302718 
-24319027 
-1099621745 
-1123940772 
2071404779 
947464007 
-1276098510 
-328634503 
-1604733013 
-1933367516 
756866767 
-1176500749 
-419633982 
-1596134731 
-2015768713 
683063852 
-1332704861 
-649641009 
-1982345870 
1662980417 
-319365453 
1343614964 
1024249511 
-1927102821 
-902853310 
1465011165 
562157855 
2027169020 
-1705640421 
321528599 
-1384111822 
-1062583223 
1848272251 
785689028 
-1661006017 
-875316989 
1758644290 
883327301 
-1652995705 
-769668404 
1872303187 
1102634783 
-1320029326 
-217394543 
-1537423869 
-1754818412 
1002725015 
-752093397 
250631618 
-501461779 
-250830161 
-752291940 
-1003122101 
-1755414041 
1536431154 
-218982887 
1317448267 
1098465380 
-1879053649 
-780588269 
1635325378 
854737109 
-1804904809 
-950167700 
1539894787 
589727087 
2129621874 
-1575618335 
554003539 
-1021614796 
-467611257 
-1489226053 
-1956837310 
848903933 
-1107933377 
-259029444 
-1366962821 
-1625992265 
1302012210 
-323980055 
978032155 
